201511010108 鲍丽丽 95 90 98 95
201518080101 林佩莹 99 89 95 78
201518080102 陈丹 94 81 99 73
201518080103 杨潇 88 100 70 69
201518080104 赵彬鑫 94 95 94 96
201518080105 温佳 99 83 74 93
201518080106 吕婷 100 95 89 65
201518080107 陈谦 86 95 83 90
201518080108 孙凯琴 94 100 93 91
201518080109 李晓妍 85 78 84 68
201518080110 虞琳珂 97 88 83 87
201518080111 金迎迎 79 94 78 87
201518080112 刘璐 97 89 91 96
201518080113 杨家庆 99 67 94 91
201518080115 张紫琳 85 97 85 80
201518080116 成诗艺 99 70 97 81
201518080117 沈晨晖 85 81 69 84
201518080118 徐杰铭 84 73 87 100
201518080119 茅卢杰 73 67 85 92
201518080120 朱建桢 100 97 69 93
201518080121 周聪 91 97 72 93
201518080122 姚佳栋 84 75 99 71
201518080123 杨吉祥 88 98 79 77
201518080124 马大吉 98 67 71 72
201518080125 谭淳 72 88 99 99
201518080126 张玉龙 72 72 91 79
201518080127 贾玉龙 93 88 88 73
201518080128 张敏 95 98 91 91
201518080129 陈雨杭 68 79 88 92
201518080130 徐江滨 81 99 72 82
201518080131 郑嘉豪 65 83 98 83
201518080132 姚振旭 68 98 98 80
201518080134 江俊男 98 85 79 91
201518080135 施超 96 71 67 71